Date,Daily Confirmed,Total Confirmed,Daily Recovered,Total Recovered,Daily Deceased,Total Deceased
30 January 2020,1,1,0,0,0,0
31 January 2020,0,1,0,0,0,0
01 February 2020,0,1,0,0,0,0
02 February 2020,1,2,0,0,0,0
03 February 2020,1,3,0,0,0,0
04 February 2020,0,3,0,0,0,0
05 February 2020,0,3,0,0,0,0
06 February 2020,0,3,0,0,0,0
07 February 2020,0,3,0,0,0,0
08 February 2020,0,3,0,0,0,0
09 February 2020,0,3,0,0,0,0
10 February 2020,0,3,0,0,0,0
11 February 2020,0,3,0,0,0,0
12 February 2020,0,3,0,0,0,0
13 February 2020,0,3,1,1,0,0
14 February 2020,0,3,0,1,0,0
15 February 2020,0,3,0,1,0,0
16 February 2020,0,3,1,2,0,0
17 February 2020,0,3,0,2,0,0
18 February 2020,0,3,0,2,0,0
19 February 2020,0,3,0,2,0,0
20 February 2020,0,3,1,3,0,0
21 February 2020,0,3,0,3,0,0
22 February 2020,0,3,0,3,0,0
23 February 2020,0,3,0,3,0,0
24 February 2020,0,3,0,3,0,0
25 February 2020,0,3,0,3,0,0
26 February 2020,0,3,0,3,0,0
27 February 2020,0,3,0,3,0,0
28 February 2020,0,3,0,3,0,0
29 February 2020,0,3,0,3,0,0
01 March 2020,0,3,0,3,0,0
02 March 2020,2,5,0,3,0,0
03 March 2020,1,6,0,3,0,0
04 March 2020,22,28,0,3,0,0
05 March 2020,2,30,0,3,0,0
06 March 2020,1,31,0,3,0,0
07 March 2020,3,34,0,3,0,0
08 March 2020,5,39,0,3,0,0
09 March 2020,9,48,0,3,0,0
10 March 2020,15,63,1,4,0,0
11 March 2020,8,71,0,4,0,0
12 March 2020,10,81,0,4,1,1
13 March 2020,10,91,6,10,0,1
14 March 2020,11,102,0,10,1,2
15 March 2020,10,112,3,13,0,2
16 March 2020,14,126,1,14,0,2
17 March 2020,20,146,1,15,1,3
18 March 2020,25,171,0,15,0,3
19 March 2020,27,198,5,20,1,4
20 March 2020,58,256,3,23,0,4
21 March 2020,78,334,0,23,0,4
22 March 2020,69,403,0,23,3,7
23 March 2020,94,497,2,25,2,9
24 March 2020,74,571,15,40,1,10
25 March 2020,86,657,3,43,1,11
26 March 2020,73,730,7,50,5,16
27 March 2020,153,883,25,75,3,19
28 March 2020,136,1019,10,85,5,24
29 March 2020,120,1139,17,102,3,27
30 March 2020,187,1326,35,137,14,41
31 March 2020,309,1635,13,150,6,47
01 April 2020,424,2059,19,169,6,53
02 April 2020,486,2545,22,191,16,69
03 April 2020,560,3105,39,230,14,83
04 April 2020,579,3684,56,286,13,96
05 April 2020,609,4293,43,329,22,118
06 April 2020,484,4777,65,394,16,134
07 April 2020,573,5350,75,469,27,161
08 April 2020,565,5915,96,565,20,181
09 April 2020,813,6728,70,635,46,227
10 April 2020,871,7599,151,786,22,249
11 April 2020,854,8453,186,972,41,290
12 April 2020,758,9211,114,1086,42,332
13 April 2020,1243,10454,112,1198,27,359
14 April 2020,1031,11485,167,1365,37,396
15 April 2020,886,12371,144,1509,27,423
16 April 2020,1061,13432,258,1767,26,449
17 April 2020,922,14354,273,2040,38,487
18 April 2020,1371,15725,426,2466,35,522
19 April 2020,1580,17305,388,2854,38,560
20 April 2020,1239,18544,419,3273,33,593
21 April 2020,1537,20081,703,3976,53,646
22 April 2020,1292,21373,394,4370,36,682
23 April 2020,1667,23040,642,5012,40,722
24 April 2020,1408,24448,484,5496,59,781
25 April 2020,1835,26283,442,5938,44,825
26 April 2020,1607,27890,585,6523,56,881
27 April 2020,1568,29458,580,7103,58,939
28 April 2020,1902,31360,636,7739,69,1008
29 April 2020,1705,33065,690,8429,71,1079
30 April 2020,1801,34866,630,9059,75,1154
01 May 2020,2396,37262,962,10021,77,1231
02 May 2020,2564,39826,831,10852,92,1323
03 May 2020,2952,42778,911,11763,140,1463
04 May 2020,3656,46434,1082,12845,103,1566
05 May 2020,2971,49405,1295,14140,128,1694
06 May 2020,3602,53007,1161,15301,91,1785
07 May 2020,3344,56351,1475,16776,104,1889
08 May 2020,3339,59690,1111,17887,97,1986
09 May 2020,3175,62865,1414,19301,115,2101
10 May 2020,4311,67176,1669,20970,112,2213
11 May 2020,3592,70768,1579,22549,81,2294
12 May 2020,3562,74330,1905,24454,120,2414
13 May 2020,3726,78056,1963,26417,137,2551
14 May 2020,3991,82047,1594,28011,97,2648
15 May 2020,3808,85855,2234,30245,104,2752
16 May 2020,4794,90649,4012,34257,120,2872
17 May 2020,5049,95698,2538,36795,152,3024
18 May 2020,4628,100326,2482,39277,131,3155
19 May 2020,6154,106480,3032,42309,146,3301
20 May 2020,5720,112200,3113,45422,134,3435
21 May 2020,6023,118223,3131,48553,148,3583
22 May 2020,6536,124759,3280,51833,142,3725
23 May 2020,6667,131424,2576,54409,142,3867
24 May 2020,7111,138537,3285,57694,156,4023
25 May 2020,6414,144951,3012,60706,150,4173
26 May 2020,5907,150858,3585,64291,173,4346
27 May 2020,7246,158104,3434,67725,188,4534
28 May 2020,7254,165358,3171,70896,176,4710
29 May 2020,8138,173496,11735,82631,269,4979
30 May 2020,8364,181860,4303,86934,205,5184
31 May 2020,8789,190649,4928,91862,222,5406
01 June 2020,7723,198372,3882,95744,201,5607
02 June 2020,8815,207187,4531,100275,222,5829
03 June 2020,9689,216876,3789,104064,259,6088
04 June 2020,9847,226723,4390,108454,274,6362
05 June 2020,9472,236195,4770,113224,286,6648
06 June 2020,10428,246623,5433,118657,297,6945
